x
19
20
25
31
13
20
20
26
17
23
15
24
22
40
29
28
23
25
27
24
22
35
23
30
13
28
26
27
21
21
25
28
26
23
29
20
21
30
29
34
22
19
24
23
21
40
19
21
16
19
32
25
23
28
28
21
21
35
22
28
22
24
28
29
34
23
37
30
40
23
29
15
32
25
20
27
23
13
22
26
12
24
19
16
15
24
25
28
23
18
24
27
16
13
23
25
23
19
25
22
23
17
36
31
24
24
25
22
32
24
18
27
24
22
21
21
22
33
23
25
20
24
23
16
25
31
28
21
28
24
28
25
26
21
25
37
27
24
42
27
32
24
27
28
24
25
17
20
23
27
31
28
22
25
17
29
27
40
22
28
28
12
20
30
38
29
21
18
31
21
25
23
33
37
25
13
27
22
30
31
38
20
17
14
25
32
19
33
25
26
27
23
25
24
22
30
24
19
28
19
17
22
24
26
32
28
24
35
18
27
20
27
29
22
16
22
25
25
26
24
21
26
30
17
23
26
23
17
28
27
30
29
28
24
35
25
22
32
37
24
25
31
19
28
19
25
26
19
27
30
29
22
1
21
25
29
22
5
24
30
50
21
17
33
25
16
25
19
18
10
29
31
28
25
25
14
27
15
26
11
44
20
35
21
30
35
27
20
22
15
27
29
25
14
29
17
22
22
23
22

